"ALBROE"
0.0012208753319994368
0.4650590826768005
0.8257983390749929
0.9531350539850171
0.0007950866780054588
0.12712591682103885
0.0165838256087813
0.07589085418748198
0.10616883161407906
0.17640975913029305
0.0022522150341230825
0.20750502752153016
0.00013017055345474108
0.3040370963639682
0.7918860259479653
0.01831279642591631
0.3187529155823526
0.006390855795029829
0.011051011243088304
0.0010734325033494262
0.04197147475679388
0.07036914967010355
0.9812641779523065
0.025548130518697035
0.0005198978596816092
0.09066553623153338
0.7462028905987941
5.394326782258073e-05
0.23344991918629854
0.9421103812684603
0.0018065951297138896
0.0917223595209798
0.6340526455249029
0.8786638612196309
0.9624547650375647
0.21832883796653693
0.9863650312591205
0.8039704643486474
0.0004883817166088441
0.06111197137643428
0.6823596802206213
0.013283794784220418
0.008770047850641229
0.2810377719238504
0.09631752568597117
0.05636584378560041
0.7992898160683863
0.9614807697459028
0.8333580439950373
0.1381983444283295
0.07263659890249892
0.005486653184669296
0.005973902553492488
0.08421160960315019
0.3028427128637318
0.9749768327301336
0.2090245191572543
0.9821164352354619
0.28495807564672465
0.0595534617595737
0.20221064195849808
0.002138969781605127
0.02199122282942857
0.027666439019698556
0.022136800061819232
0.9878055638816599
0.6981652864981623
0.7817418592338276
0.18342489227487777
0.6623907275142221
0.8790182087265006
1.4298806593734869e-05
0.17372313648346327
0.01718586029956287
0.12075777487978827
0.006708873059836624
0.9749051744119593
0.6158407329694069
0.019573438602499042
0.5660329429110456
0.0020944802120870607
0.6983368629332024
0.0019184622100986667
0.9359491218155975
0.8936616123560359
0.04995450581591736
0.09867361025592808
0.17646189538328616
0.5456859884043066
0.0007641818186505621
0.06570312883328654
0.04269076022550612
0.20751072904544768
0.8332023193615758
0.0682313325592418
0.0011951969363594253
0.0001372025897218318
0.0018777078080123978
0.06389906817351448
0.6590108581688382
0.032190190307224725
0.13007547386269225
0.8943156102647849
0.5815017838724927
0.020179786704795113
0.9712643415899165
0.0037441307373449763
0.025579279648790688
0.07774461017838145
0.024736806106413663
0.0005061860658257154
0.03401456595061305
0.41269545645300665
0.8619368870822943
0.05915636874813112
0.44061364079216797
0.004112334426302098
0.5229333823350462
0.10658723395713005
0.7723988186989488
0.7482652555165488
0.25239015222018135
0.08677608960665555
0.931670778948672
0.11564484277481969
0.07155440348413818
0.39797734100557314
0.08826512334342602
0.21211187835485193
0.6751889478992641
0.035640930945173885
0.06278407344291936
0.27725357467480866
0.743897600258044
0.1108922743107722
0.021224105396984782
0.15427399100604236
0.02864948572066949
0.795229528206889
0.08492079183327877
0.9999978155516899
0.004463600644401566
0.17846559505576204
0.0020954673120866067
0.05891467717782711
0.1878813812877833
0.7976679981828799
0.05057277983581742
0.07032813032483355
0.49027816437000227
0.12225505183543303
0.004708910975269596
0.00019010050121913934
0.07714664183690596
0.03315343272543763
0.014158443449150722
0.6812740186627085
0.12168477983255303
0.03251905634385263
0.001063615919482602
0.215922837823999
0.8174592679525697
0.002884686128018978
0.000653088625245935
0.07055841910265115
0.020746312644841763
1.9614314744853673e-06
0.002597208255430874
0.9597039741660023
0.7151646524582939
7.098317155475739e-05
0.48139413725630364
0.004921326407671082
0.009189050264605992
0.016453759112008606
0.06068980961598748
0.014890268688077087
0.31727193977264123
0.8445682279539124
0.8052878707532697
0.024184224531997398
0.007494488620276731
0.04039186858105123
0.028940991874407917
0.9176367802143969
0.20548894998611625
0.1479074555252803
0.522591028087577
0.6394840064109918
0.11987226623015589
0.03601728874448651
0.9838942012037463
0.41697384939496057
0.4774033590457483
0.1331710035841355
0.19901598879864887
0.12697406219281404
0.004744592800398926
0.0015277635896386802
0.08966908488914775
0.10146844437832986
0.00108216960467056
0.0007235323166458809
0.0010829219478529248
0.002609088717520979
0.9279169086567818
6.023592867593376e-05
0.7994733256985513
0.008223065883825648
0.12942188333901578
0.0004932704627218106
0.05385898316951144
3.6521981991288882e-06
0.07226887698682269
0.08836167806092401
0.029917443772438032
0.2732501383491651
0.062486400464287155
0.581152540090757
0.8987629328178175
0.059419048782261626
0.40635336773057834
0.000778915523478093
0.373877027365922
0.24991977378507427
0.008291266946823942
0.12143374959614345
0.002031563196304953
0.23972477281390062
0.0015565841519947327
0.925784839406979
0.47488231589775665
0.5897257345715509
0.5875654266742427
0.00245557918886583
0.07128487279484108
0.4117587139533458
0.581152540090757
0.7776000273950102
0.5
0.8018224937275006
0.004002333060899424
0.7859283934242555
0.4159486860705783
0.005107382637485001
0.1821376044147783
0.04407013215861599
0.10731243751854003
0.12999934278400915
0.012944487367646694
0.6477901933608605
0.3609980242606094
0.5
0.09799967241133256
0.7640363437531175
0.006429606686454102
0.2643925904009342
0.8215379163850505
0.0008271586156576801
0.00012118581703775753
0.13058093904407658
0.0028457308962192983
0.246845234887397
0.16756929331699438
0.004636847034896658
0.020209287282885957
0.4264335126342349
0.09458547082762188
0.8084143802097373
0.5718394044976723
0.001988920004839354
0.0033508930502734423
0.060568533522366054
0.00014052743181222586
0.032966798428985304
0.3486664297832014
0.13846062479447765
0.00030075738324187196
0.8929273894576867
0.004400976418481667
0.1382452882862659
0.0011840077097945774
0.9533590733558872
0.0032095721157051785
0.05208296292939912
0.00045193664771586516
0.5320005330461718
0.14792834224923834
0.0078595400322229
0.7828419756869271
0.16795492853188207
0.016043778080770055
0.25101852450438533
0.6013113280902691
0.04252009457936999
0.010920199745360355
0.48015905337570913
0.0015764456453390668
0.012160685902431786
0.9094573282101007
0.011909710548742517
0.19468270234457746
0.8097413839681019
0.07613384180847714
0.02856317013644329
0.7097024134444027
0.04909584766052177
0.06920020336322119
0.007689453678218368
0.00021588020281830726
0.023822724975928973
0.06700089503090394
0.3793860360703703
0.19259301639847276
0.13743240885389996
0.0316828397783016
0.1553121678270183
0.691033819819161
0.7805220992793968
0.013741547518401776
0.4595049915822825
0.39052374393292194
0.28546044409125276
0.00029042806277711447
0.009669389465007424
0.003833785924834328
0.11996786633509232
0.1277480783120671
0.07227763716738458
0.38748817592202306
0.025681557217944722
0.29870953189042015
0.030552036074922073
0.15829294650685452
0.6785263682586926
0.18361839658884846
0.0022275250500390638
0.9515411084021583
0.025563160189884426
0.5912675108294727
0.00033952193632277514
0.001326225267155901
0.05895177675209494
0.0035942203102275394
0.12609687400262568
1.271015616737878e-06
5.6387544841062255e-05
0.016766820494857306
0.10165078536831688
0.005323068379167603
0.3325153576366906
0.880701711763019
0.4349461986977505
0.2621993534684949
0.026359147372838575
0.8759153074965768
0.5576403878824007
0.005198538881719552
0.00017345674650999312
0.005181367662165697
0.11368615654540218
0.11534065623286667
0.9999954241375637
0.007123539744244248
0.47112268210576597
0.008948971448384427
0.08019186226835136
0.2662104681851121
0.24450138655728734
0.012599359522414493
0.9756613338540194
0.2966675295372685
0.14838532507095453
0.07898547774290736
0.5657243878866621
0.011725398126387376
0.0021239238999715636
0.00272206795028191
0.15106107982707626
0.9588141940413754
0.02285098791942393
0.37495751094691765
0.009639573618551283
0.010505627104424941
0.0038011299526684405
0.464074847614434
0.48640992841858094
0.00020890678765964928
0.025453496983302775
0.30925302161340096
0.3988556655767563
0.00014382603052426853
0.1684119236673293
0.9600784458139181
0.0225928775531254
0.013434850912611563
0.29567668760675586
0.05739064617355533
0.2977597268972901
0.5
0.09354023919796527
0.000637728432675762
6.055789340156715e-05
0.0647517945980202
0.00045724275674760605
0.061875764098390656
0.9790494199129329
0.017891844923485094
0.7420611235217254
0.002321380001395554
0.00019860933553722372
0.6744361108516799
0.01576512638855107
0.27236080255070877
0.7632517344925542
0.001141119035864686
0.010391705116791683
0.00012386635080478944
0.42501888756071365
0.36794686526751585
0.8642320977366739
0.11175015502020252
0.08716012248504218
0.16167810394530147
0.0006939270870017777
0.14196751098867819
0.5963783897170326
0.003951197018294124
0.05446609933945611
0.855930038565422
0.13901506477399656
0.015335784452264556
0.6866276349258469
0.9758367771861164
0.07859561329694961
0.0857400820477146
0.03760127754727029
0.6456236899530599
0.8714206871526217
0.9874947452580712
0.015140758113450907
0.9664357954466942
0.00043519940845827403
0.007573014546278555
0.6654820105955926
0.2652628597797044
0.28438006665278653
0.2683052780028344
0.06273138528405747
0.03923856718807522
0.08233016482027523
0.2328619479626594
0.9806990578201664
0.07768751703663553
0.5469895263718957
0.01162088808840902
0.843945326066941
0.012501626478868447
0.04296269660170342
0.9781708703874368
0.047777443320743886
0.2547323087113546
0.00999145030037518
0.23374426970309137
0.07725824115501455
0.07678790549050986
0.15027852289823776
0.3600062389902311
0.581152540090757
0.0006553239666094501
0.04135089171673996
0.2325028045295772
0.9915906142965651
0.005078952677567769
0.45570093525335464
0.052177091550617734
9.52765632221649e-06
0.2265923708503585
0.004500449846678493
0.25197995336400814
0.00025148469048110676
0.9865153867567332
9.557890547718982e-05
0.07649631264675108
0.0636864227116881
0.371204040394732
0.9505489430384101
0.9652454927622623
0.5
0.9822323202656136
0.5485616171678301
0.787041005579516
0.05149617919758129
0.828516050956624
0.015442559135139804
0.06801967111458486
0.9099556310749961
0.5085929519412954
0.22539753056562642
0.09719681943537567
0.008583356713214666
0.07967527062830887
0.7930221804910849
0.0024031052131211787
0.23800478433775435
0.007593657641417009
0.2913382305267706
0.4268513760558557
0.0010310029680932697
0.0026394264279299712
0.08406606716454841
0.0016820056035371839
0.07158711866092358
6.547245488495246e-05
0.6874058285422305
0.980016409639726
0.3198396037682358
0.030042616148187616
0.4275555398722613
0.007628228481591412
0.05924383442600096
0.06781733688504964
0.00011106845938509393
0.014559551694379386
0.17420835307729987
0.8918873053103622
0.6670778132724626
0.0064159868644620335
0.7201092184211924
0.01131285160326161
0.06314553972890419
0.000631915395784604
0.03395153431711857
0.14852460853055038
0.04892342346452754
0.12892981781946783
0.8683802758366611
0.7750177603945845
0.5224677468114807
0.3357438192582913
0.08826493028624749
0.2452389206294232
0.06155060584389226
0.08795540077775903
0.1255059514578912
0.22380975143734724
0.8360734059189202
0.0391436276614473
0.004541962070866424
0.0005385569698259174
0.0013662827943990105
0.005300196927531118
0.025350602527656443
2.035756236930092e-06
0.9999833481031951
0.04291035376484021
0.005093888090402942
0.020121612675005694
0.020745967855092508
0.20416310806618035
0.11514671244551705
0.037476331079586755
5.845133435426843e-06
0.9158891898400485
0.001697717956044414
0.6581338396742269
0.022157369431330284
0.5785959193370886
0.0010776730171299523
0.08503817057928031
0.581152540090757
0.9422137037567684
0.12456419608439509
0.35727830936420113
0.002855677289857353
0.9757903849294008
0.5607235971698338
0.006628535565649986
0.008466994466612192
0.008969234683569962
0.0373579716278231
0.04012777329493703
0.5715304452805594
0.7785636142108658
0.3856993641193294
0.2605896926967779
0.7240404963157167
0.1637863440089864
0.3708401641930843
0.017326848093533912
2.2372777093134143e-05
0.00021274962009761183
0.8067579512969565
0.0008871705589876012
0.4005176866801797
1.2665841952596692e-05
0.1906715053459951
0.04497555776773267
0.021741512954251127
0.013895739117114229
0.006868493320026598
0.6553539596881959
0.7733203518659775
2.565988518594538e-05
0.00012776124199526988
0.9546379802771203
0.05487358359783393
0.17351456627860484
0.0004792037144245627
0.9861851954679874
0.0018404961738450404
0.033147507178371935
0.48191123309485223
0.3334863365580781
0.000610183846778734
0.3465080705673281
0.20028907934772458
0.005785617939666959
0.7966133329801375
0.00024846045403353493
0.1961903974147552
0.9901602530508943
0.010583798455381134
0.031961086140500965
0.45222545375236106
0.006024463750916887
0.38339130843428393
0.0016863136490795198
0.8521708351660875
0.014969463035207489
0.0002578688565637607
0.22145004645487995
0.2179884228664541
0.07697551004063359
0.001536736039870861
0.4816447053947305
0.944361674362808
0.002670442957098319
0.8550672314725425
0.4562691688879291
0.7585147763170038
2.5946472726998922e-05
0.07596433634241397
0.9622096405555349
0.47933293178754527
0.0604179558301679
0.523059387280859
0.3723736732722171
1.273469508256628e-05
0.024115163815794642
0.9171690756793014
0.24838462746921222
0.5605361571354427
0.026196598719715414
0.5409156031757383
0.5784025574015974
0.21892556336550156
0.8236962274846786
0.008285537759308202
0.8959752039132662
0.2815939526466456
0.008545261163438334
0.11249950586239396
0.06301050771032055
0.005306927671711358
0.07288604477351435
0.04070631116518573
0.05511756917805633
0.046280756345841355
0.12732735761881403
0.0014325443450382475
0.461166574839306
0.02883484306466021
0.3912305191881915
0.4216945776807746
0.012578656516215835
0.6764230484642237
0.30233226799790863
0.008353366644482595
0.0255243288815307
0.04192630574084601
9.540105143050533e-05
0.9189880695114245
0.000593860779133059
0.039592483827886375
0.5989780400018723
3.384192083857555e-05
0.0019192946039318125
0.002160785063435684
0.8917343783534432
0.10051276389084007
0.32174371493709325
0.39076727013787904
0.41589683692084733
0.0038918305464327426
0.35588274480524446
0.03174794623398676
0.017709584608842834
0.5333077878490938
0.008335077023102384
0.00016859423646265438
0.10550516842164734
0.17275975019234438
0.4077864187100489
0.000117936736920905
7.022830395294706e-06
0.006602569773928639
0.5737762621479795
0.1823736675115916
0.004145235144733543
0.3542935921542847
0.6781643747656707
0.9188140517822572
0.789831429632551
0.009649606298147179
0.10265780735472324
0.8893012430195413
0.08683606143578837
0.3623356503759321
0.25789507983987076
0.06138365976506188
0.7064133057411724
0.8480977927350588
0.5537995769470812
0.34327350598474354
0.00041424695011558024
0.8898964735738586
0.9861457473289468
0.16910323866184973
0.13272264654503546
0.632214654817197
0.2660837110974147
0.5777068933181039
0.001413044561969597
0.8419268076918366
0.9852069019453508
0.0002035533299732782
0.20550629903883713
0.4281583415947866
0.0004448260383072402
0.45638553838766377
0.41272173339901447
0.9781620585391763
0.013016005112219993
1.6764792045204242e-07
0.4055476060548381
0.0009420343372709259
0.7718653110505667
1.651219373027573e-05
0.1516997813986762
0.08464453602761084
0.052164634249948306
0.0015842720270498798
0.46459500092164996
0.03203273914556628
0.01375523653547885
9.811162050435573e-05
0.01916417466924403
0.5675631678143632
0.03349683411723771
0.06316797179856648
0.9895328148473108
4.5120728373069617e-07
0.017784207319674655
0.1744963561448258
0.39603400092896485
0.004634536021698708
0.0019892864579445905
0.4328359224559367
0.7097024134444027
0.0015168104928466699
0.3404414481152527
1.6032369210277313e-05
2.868849032428982e-05
0.7783494008752249
0.6071763954165003
0.40716892879467553
0.6745244191534246
0.21061331328042338
0.9722037881679134
0.9489659563070131
0.09387352516888955
0.0533768115320553
0.28568309205416836
0.010309391811109563
0.06396114201600744
0.13198992443743138
0.0034909153687159907
0.0022890214736822584
0.11450624957689665
0.004659784474801485
0.1281828351204011
4.599574205470374e-05
0.720556778002478
0.0004951945377933906
0.19466827595854705
0.9185078424645957
0.4870060628760443
0.40924695910291853
0.04167028811837749
0.581152540090757
0.1559081751479426
0.006181336706281855
0.1530510670467552
0.13853486504682466
0.003361469592363592
0.060705558066935096
0.9137196525565713
0.06154114630029803
0.4343984555996134
4.68780616540209e-06
0.0029267305224774825
0.0003357835512800218
0.1349178632771212
0.0009928091954283108
0.508913650546579
0.9999918028136363
0.9859365330812233
0.012661141333889039
0.10575789462434106
8.344830530679703e-05
0.06314944564716027
0.371899744760545
0.5536035267179998
0.18835317249447736
0.35642673871299074
0.0025360975554736625
0.17306769279091744
0.34116788996441855
0.006648622737643591
0.44875382084069293
0.0008075239518147211
0.6453986971768421
0.9243056899097163
0.008817048329143096
0.00043706298209581336
0.9851649608115688
0.2310823419685571
0.8041074240979016
0.008622248352316307
0.18653111918684082
0.0020330541982904004
0.9714969464785767
0.12243454761302908
6.575734730824309e-05
0.0006407613957443531
0.07391515040219002
0.005716434558732607
0.8770657267612744
0.032614544884450127
0.1331839694259548
0.1480895126085759
0.6474675725632837
0.9910290269220472
0.020895327954215462
0.11553163810343826
0.003942196334773446
0.0007262947769437106
0.8527273312349234
0.02247685781445309
0.6666270794077968
0.3315537686197807
3.1414448194379734e-06
0.7550735373388039
0.0025216436040652133
0.07762075434427018
0.0007683502686171138
0.003960665692622355
0.07756907422811815
0.3775557849832173
0.15967184703501772
0.0011175472092906488
0.09416215164309757
0.006609392291782498
0.3001940695946466
0.0038643512549340815
0.1420677588729686
0.0016254983547012076
0.005570899618239284
0.20633115592200021
0.3875756252799189
0.19747006320879848
0.8446992477717435
0.9999857625410504
0.035814321116927214
0.0032035372219038094
0.8422861483621223
0.7063587120920115
0.02176957300991861
0.000438810468434843
0.6710843632025624
0.8034229225700585
0.0032944563130724064
0.6950954340512134
0.0010444253183255214
0.000710414412598122
0.006799106443686219
0.9812153536389436
0.0007146899710229746
0.3814210006036943
0.19130623901714705
0.37941173018875946
0.7162787375075405
0.8663098820154018
0.005998289437821743
0.7028768921651868
0.5315576255809837
0.8985102249631381
0.9884264207223895
0.11145159067694216
0.00011656885753554637
0.36533788493328867
0.13506985998586152
0.5750077979357795
0.0053057566454738705
0.01286322218685519
0.1698617131872947
0.0027245103409974485
0.28264107435573255
0.9843596658348858
0.0012046097357627224
0.028997285485853716
0.13892920235797449
0.8690411988241256
0.1505436521472356
0.9901327277345463
0.11862273954125348
0.11218422627344943
0.5837205217864313
0.05130710021887289
0.08181346859178994
0.17128038702386378
0.9343050287820324
0.07489865557967045
0.130543739900333
0.002400239280432433
0.5431370819928848
0.05030847211248999
0.5806966665497373
0.05937863984143449
0.03320144534066
0.943048342115104
0.7551630650888146
0.792082399359064
0.974715790031624
0.9206609606929592
0.01468755392001108
0.017090236423905864
0.7811359271705606
0.7554443074686912
2.2115784868230467e-05
0.7602505651922756
0.6799275144554843
0.10402894655834952
6.3166180127134e-06
0.010281757432166902
0.341003748953732
0.07179465913646076
0.4664163223765109
0.11577285697414366
0.10505096262089032
0.8824396088580156
0.01945965508611855
0.778713660398449
0.7653912001642987
0.03333194687641212
0.0041214921240264445
0.0015688452090991119
0.021002147768179633
0.03790064920591226
0.7097024134444027
0.0010737296734163063
0.5
0.023176759143415264
0.8319595753133773
0.927303563443133
0.18615045287051585
0.003739333385623824
0.9803223561852973
0.0017631155776210337
0.7042661746368835
0.7717587857559812
0.7819522397060135
0.5249615227716973
0.5
0.058777906430096165
0.7529652350184025
0.35267941143301984
0.1331240112418641
0.8782120057225075
0.7364569883294132
0.8013061083907985
0.6063350254715979
0.013815374291045424
0.00384850954923567
0.7589604480017783
0.11045769215737268
0.9147924642966775
0.7344055509628874
0.001144600528077773
