"ALBROE"
0.007902829565684673
0.002529420894946977
0.5
0.9639695071417024
0.03297399632924225
0.9864574892988188
0.025990046903439645
0.039490719997178916
0.5120064825780313
0.9800307118238192
0.9847466689641515
0.988820525776294
0.14669359350860242
0.9535328389424882
0.9536893013615859
0.022591189619603533
0.053379909408989214
0.9825183024130122
0.10317100205131702
0.010414296081552752
0.30916788413035295
0.050513844053786935
0.040465571585091155
0.9113186889702407
0.962393106560707
0.9805470596781036
0.3718284364721201
0.18858594076698126
0.27947193847731905
0.0495969251902122
0.019385324051616446
0.9176489131540989
0.9854284734646735
0.40500632875808845
0.7396150597270371
0.20749559330646852
0.9401685923321808
0.9417858164322302
0.9182740071837527
0.9862674596013318
0.9797346394348581
0.9773475758019363
0.855499098218946
0.9742865780105224
0.017386754976076092
0.9715845740357285
0.08262895827550686
0.9489811381425212
0.013961714687391585
0.4524783154568851
0.9960517541137455
0.05961399363646385
0.11157122642481085
0.7214775078686133
0.9880666411349095
0.08646732664586591
0.981276687978212
0.4347154360930102
0.8645774635873098
0.00804384934142589
0.9892791397468639
0.0202523129065951
0.8989852597139724
0.8043162095089658
0.7657430766734523
0.14776048749534884
0.09983856731121772
0.9807715737585367
0.5421629832897181
0.7387149658658829
0.9778967077195966
0.11513670867745537
0.988207704912357
0.9175913257965345
0.9505442607184311
0.04683474084248359
0.9488364641513725
0.5
0.9889574402070359
0.08966964532465699
0.7645900331647748
0.8887281509857717
0.2796663873788354
0.9376974468344973
0.8451427953155978
0.9848687250774912
0.9301805721903947
0.9681100078986173
0.9627000535262081
0.9973295757615203
0.08099452780452253
0.08915602349605052
0.0821835257916891
0.006777926475503558
0.9057634289268283
0.02269632612229091
0.5
0.06617199223663457
0.9371505387370311
0.1394333090640131
0.10384733181449662
0.5
0.44474656935664725
0.9401641431616857
0.04939997575250328
0.8404146197809665
0.9698371533320244
0.5358201611593325
0.9552962340210267
0.9597986004857391
0.9617753982320477
0.802203868663708
0.3966623787109919
0.03475284973503626
0.0154933520971225
0.13284330863024704
0.9381575871844082
0.05145670026989672
0.9260861580379156
0.021097065759301536
0.14268069465598876
0.876753638441632
0.966892288605838
0.4024434801076888
0.6180150151618224
0.9846636098794869
0.09999194256057037
0.29442332456695547
0.953657572290351
0.5869169989922539
0.9838091484569474
0.22190812830992057
0.5141698337366184
0.9792081874204004
0.024455805713428102
0.9951690038212067
0.5630031140470211
0.9724366973183491
0.9217169875602136
0.1526495726432299
0.028554496065005572
0.9580511669800258
0.975750304758007
0.21019491407734983
0.00998244637263819
0.9793810762021404
0.5091416191314706
0.013556338713959426
0.032792365532668726
0.03873932736162308
0.8614762434364847
0.03781378606646673
0.9905154934519623
0.007928744104904972
0.05290498020141225
0.7442420796655406
0.9780794084736416
0.943201410072624
0.5947937447047636
0.24853540345419103
0.9746653652285325
0.9943716199115356
0.29550981953551253
0.05884170911814512
0.09625508839439588
0.05534134310063011
0.772771034626052
0.9912344490892859
0.01795677639487596
0.2544674277132082
0.9832218319998149
0.4683670439372047
0.3411271213111841
0.6111005309261941
0.084332140737241
0.9446720994213393
0.9516506685347198
0.005840309625939929
0.9794333592710893
0.007499301892416802
0.9797465544033385
0.03456554455660999
0.994903163283268
0.22691684640145865
0.04693350783223968
0.2868473246447025
0.35101478814391546
0.061770299436790826
0.18858002057428963
0.13515258026540056
0.932186726073806
0.9748934190865417
0.006779579383346864
0.08260380844462997
0.29410622835743755
0.9035265924032142
0.008071932581943438
0.9262339524825628
0.6598651253726806
0.025303798611317027
0.012763027627985122
0.9592694455212476
0.9617637285805268
0.8953248833204908
0.3306101554432068
0.11945059441133428
0.8216243155014888
0.7656099715169288
0.9207114174668091
0.484368811574386
0.01293280004078366
0.00808977115247269
0.025716012757009604
0.003264173646033436
0.01880762176976488
0.07465898876727804
0.9882318469254434
0.9588732628943297
0.01008681573961431
0.14550366559759212
0.970479398882156
0.9590366952345822
0.061236269283986934
0.012550273121644789
0.12864453894903202
0.4462969601161157
0.008193139284994303
0.007766591883848253
0.3173452416464294
0.9672498646475723
0.1584424607106167
0.04608773618485591
0.9944362974695817
0.6670147967834832
0.8055478002181733
0.8245579302276718
0.1478237268709209
0.39793641674657754
0.4632112327745178
0.9505511030468795
0.06960611579732416
0.24170488190745631
0.9843814485363633
0.05889750639206816
0.005273853965433583
0.8661823661888118
0.9503564404206643
0.13415523932330756
0.22137365746344673
0.9074325945637133
0.9535144321496921
0.5338029263973234
0.1122297149904752
0.31636090761000946
0.03828219377806282
0.892444990515118
0.23917058177358216
0.12867484174617475
0.967189457703289
0.9803662459484956
0.9451028233756846
0.9842589703395958
0.9952111548276802
0.052966568067430414
0.939737347459821
0.9057257883899175
0.08060804692477593
0.21362677958780532
0.9551339018777123
0.010495910018313159
0.885390363254401
0.9731105889992473
0.01605180474653456
0.2381821644611281
0.020312196999710923
0.04632498975923254
0.9873650321600527
0.7786669097946387
0.7716272520259221
0.9688506542018321
0.4911070454379063
0.032690424361875775
0.823447380055335
0.9545989303462217
0.9705934301167282
0.16315753519767587
0.10402897707036791
0.8507084304339662
0.9542892480271569
0.21471128950314594
0.020597709284857713
0.08501095620220635
0.9472270752798329
0.8328898371308582
0.9730153015541114
0.940728669540534
0.029142955194004023
0.4782163629538454
0.9923761128504394
0.0920949889443379
0.018641673295504962
0.25508788170331603
0.6137360454420835
0.9931499546605356
0.9753025290672003
0.9632898987278163
0.2553274270474136
0.980600874790111
0.9913237244516767
0.04259911290574654
0.5080636175846486
0.9860495415100017
0.08958996782944914
0.6548511103463351
0.9534901235656293
0.02996981508499842
0.4906989494797261
0.022743003798567033
0.9876158607840932
0.17791262259057808
0.028924739328895843
0.011194431945004893
0.6546351747548981
0.9564618878521084
0.020858501383275233
0.012848152917890793
0.04764848183014263
0.7330850958321149
0.9289999979243297
0.07085983738545178
0.9742062749302844
0.9941760311290435
0.9957041493215548
0.8910805078010223
0.02320812587917764
0.7255030082402659
0.01549251433672878
0.029267805127929904
0.5
0.9420428900728307
0.06923346050131313
0.030939134590264136
0.9760273384549901
0.011042456151134096
0.2397846300779141
0.04766119069282305
0.022366792888435204
0.44121898157605244
0.897066311841516
0.9677269648943629
0.060217258714231996
0.9780601887754262
0.10795050288088408
0.0054783293553532595
0.01512235317911765
0.00681137740991933
0.9782359456175831
0.5070282829071545
0.878738499634467
0.03546305039909151
0.03732730180789207
0.13053158286782154
0.9755708026683773
0.21216377301272382
0.44736547037736785
0.4131399936883802
0.02402552049932301
0.08288455647907285
0.9951984733535582
0.970511669325771
0.026392824323009424
0.004793870889720898
0.45245495559208604
0.17712806298274214
0.8958581780561983
0.9750999857818964
0.806347184644633
0.9866195993435266
0.08298157231215206
0.9715002451975547
0.012959303209162993
0.8560036855332155
0.929721380083459
0.9463829472999429
0.942685268692997
0.8501220982725454
0.043319153020581605
0.8370234348731316
0.07005392707896602
0.08334124297389492
0.930352555456973
0.17745380166306507
0.9588646358703147
0.8066060698525641
0.9153330587429918
0.8473947354670399
0.9894355639564366
0.11113856623004285
0.021563397567063707
0.0413790323311594
0.9870505937080176
0.8557508062626638
0.01948015028085665
0.9145520010238325
0.9876080859372999
0.012108185933426076
0.08350564264872408
0.9759214583000517
0.9700513830472867
0.20413755618379145
0.013958611717980943
0.9922492157578071
0.983471231606266
0.020687363427783708
0.035555412732490486
0.9609463679098713
0.9504185372599941
0.057480421607650115
0.9899000219567555
0.9571939993484735
0.36044682337115946
0.1541683518144979
0.9173872573869594
0.4015727051438975
0.48412002249198083
0.9804890757115321
0.03211296606505041
0.26024576748082634
0.0677579960113196
0.45663823260848085
0.019629550147263728
0.8415105522293901
0.4428865551866754
0.025835099180546946
0.8452256631560227
0.6547617239739378
0.7739359576331698
0.9643410423116213
0.09134479971150349
0.06696768271366338
0.9864512701583222
0.026084612525988905
0.9809982354853425
0.026132481991989757
0.04923690792062629
0.9633974996814689
0.9590042137366198
0.9633791171786167
0.7019220038956517
0.25774296802715374
0.7672002217806694
0.9071506116944569
0.9871750342267581
0.39447162039847306
0.055061409081662106
0.04033741037859891
0.7478616060649934
0.027041073477572137
0.9865171790680427
0.06625155229765431
0.0699389347936183
0.004592658793068054
0.04717825914797729
0.01724100898708395
0.9819299950795519
0.01523578747013917
0.7536029103017431
0.9651096659905535
0.9610439720331673
0.025394182961499055
0.8638664417925697
0.9285756790930002
0.031678043318235184
0.4184035363480462
0.9356021008877087
0.9657009103378582
0.09952516376070675
0.8230384210452398
0.10916150873577632
0.9777546949739431
0.0711769117738771
0.9682407895826382
0.7088479348307584
0.9644905862193054
0.03563811129065285
0.9116297863740787
0.9383880111386435
0.04847759685799519
0.05729140093538159
0.5871518534297484
0.03803970447349616
0.24430736540846418
0.9923617511691288
0.5618882984833776
0.9299766861479706
0.9810023180938591
0.9625019555916674
0.9874659459481548
0.9516570196044347
0.02466861732037443
0.7713265251556269
0.627532265133049
0.009926992639447973
0.01726853433146736
0.9648710955706098
0.1314050508892512
0.9070024505907882
0.7384855827188161
0.9388614765343305
0.9220314993510821
0.0680138660581039
0.392488012075105
0.22206101851728113
0.6047017235209822
0.06966320949668804
0.015310808701671431
0.22060438630820217
0.053021491766076886
0.13690349545127373
0.9831167837249165
0.9960099672861034
0.9836467777554416
0.9734563582150676
0.3176650093234696
0.9732439670027185
0.032530583614642644
0.8580513651659429
0.14454034929253004
0.5248084353970238
0.013859437466340729
0.47335666573896235
0.9867501867089787
0.9806372635730758
0.5953930244199516
0.35880536408504404
0.42807491617254084
0.9828063375303702
0.9746015415744885
0.018789222537554936
0.9326283796080473
0.029538284167894155
0.008891079834566083
0.049361178645445335
0.03858614376119744
0.011539122502226367
0.9300591786248362
0.007631252101614531
0.7678159836717573
0.8291336905809265
0.07545226654332172
0.17863043481163562
0.0851319449533528
0.9629617490716277
0.06504442827209156
0.5980519505075247
0.10579552515507079
0.8028409131440942
0.9883778851660208
0.01164544056425477
0.9590316786533817
0.9608980741794702
0.016248100727483988
0.5883584935459601
0.8648453309067305
0.20162919077837024
0.05805172980867752
0.9572834692505096
0.012114124764640412
0.18330261953114638
0.538431940339413
0.8838551599438846
0.9524578354886549
0.03018650845762192
0.019950783422153253
0.09159439263668247
0.05903833491168333
0.9186843959609329
0.9423629064667731
0.9667488945783008
0.007377416073461236
0.11582456342185497
0.8752717010378076
0.1503999175127262
0.026150809064076606
0.9831387487824687
0.87813631618797
0.9475009573047329
0.19527350632161433
0.9035428341514543
0.010046328177338486
0.019302395747124473
0.9800601166520878
0.021959206730616673
0.030867533703048827
0.16493016182141398
0.9791496252393335
0.8364620002568773
0.9720459231674194
0.9698994006123719
0.017841343770067193
